from spatialmath import SE3
import numpy as np

# Guardado 2022-04-21T10:26:41.408725
wobj10_R = np.array([
        [9.992530181916094989e-01, 3.192875688908648757e-02, 2.177062512829273239e-02],
        [3.338959392547072996e-02, -9.969587397904832171e-01, -7.041595112518031496e-02],
        [1.945612120776406967e-02, 7.109026402320663129e-02, -9.972801179752154299e-01]
    ])
wobj10_t = np.array([-6.966978872641205101e+01, -2.610983431391113072e+02, 6.258670435127087472e+01])
wobj10 = SE3.Rt(wobj10_R, wobj10_t)

# Guardado 2022-04-21T10:50:15.725753
wobj11_R = np.array([
        [9.959472627671641654e-01, 8.939423936535956239e-02, 9.885330286951422157e-03],
        [8.990962977153696412e-02, -9.924039489079512499e-01, -8.396821223683142987e-02],
        [2.303966349249340559e-03, 8.451669752299367788e-02, -9.964193994392462894e-01]
    ])
wobj11_t = np.array([-6.104701940106518521e+01, -2.686751598763715378e+02, 4.506826036544096326e+01])
wobj11 = SE3.Rt(wobj11_R, wobj11_t)

# Guardado 2022-04-21T11:02:08.152927
wobj12_R = np.array([
        [9.999030777663420189e-01, 6.191370362354076291e-03, 1.247004436371593195e-02],
        [7.005647246445187437e-03, -9.977717840181591358e-01, -6.635049301910443675e-02],
        [1.203145793556437138e-02, 6.643142291307642389e-02, -9.977184523049018594e-01]
    ])
wobj12_t = np.array([-6.787431212081435206e+01, -2.604761999596420310e+02, 7.934763158611914946e+01])
wobj12 = SE3.Rt(wobj12_R, wobj12_t)

# Guardado 2022-04-21T11:32:20.111805
wobj13_R = np.array([
        [9.988572944057005909e-01, 3.315567475602149150e-02, 3.442102037994671654e-02],
        [3.684734306749262028e-02, -9.929300246082211068e-01, -1.128372258626736541e-01],
        [3.043647025182602203e-02, 1.139766092801081931e-01, -9.930170964367226460e-01]
    ])
wobj13_t = np.array([-3.997640971063145798e+01, -2.326256103845195184e+02, 5.845664607978442007e+01])
wobj13 = SE3.Rt(wobj13_R, wobj13_t)

# Guardado 2022-04-21T11:56:21.060126
wobj14_R = np.array([
        [9.991308688763411716e-01, 2.351730159880280335e-02, 3.441574325680570035e-02],
        [2.642580924055962927e-02, -9.958879709744294928e-01, -8.665348160585328863e-02],
        [3.223636866008595253e-02, 8.748763223419232793e-02, -9.956438774690808957e-01]
    ])
wobj14_t = np.array([-5.119108953432231601e+01, -2.436905718077935035e+02, 6.073615082109397889e+01])
wobj14 = SE3.Rt(wobj14_R, wobj14_t)

# Guardado 2022-04-21T12:06:22.579713
wobj15_R = np.array([
        [9.949652830039037443e-01, 9.440859460741461706e-02, 3.363187299593244084e-02],
        [9.702004555556427434e-02, -9.914655617607611715e-01, -8.708128732864527100e-02],
        [2.512362189967686996e-02, 8.990582354147412525e-02, -9.956333393955686395e-01]
    ])
wobj15_t = np.array([-5.307852667821134673e+01, -2.675003537078246723e+02, 6.361048162065295486e+01])
wobj15 = SE3.Rt(wobj15_R, wobj15_t)

# Guardado 2022-04-21T12:36:56.870531
wobj16_R = np.array([
        [9.962174465002773260e-01, 8.292793697623002114e-02, 2.595682101748875495e-02],
        [8.489071813073838235e-02, -9.925924669362415909e-01, -8.691237286298131304e-02],
        [1.855708122833572837e-02, 8.878711533940486511e-02, -9.958777449496459822e-01]
    ])
wobj16_t = np.array([-5.317308114662719731e+01, -2.710320443900455984e+02, 6.700156684982387389e+01])
wobj16 = SE3.Rt(wobj16_R, wobj16_t)

# Guardado 2022-04-21T12:48:05.842014
wobj17_R = np.array([
        [9.932599359537173100e-01, 1.157776739414378697e-01, 5.498167506273265483e-03],
        [1.153851076985496216e-01, -9.831633838697086958e-01, -1.416899345022720746e-01],
        [-1.099893406703764294e-02, 1.413693419188693512e-01, -9.898958190712872085e-01]
    ])
wobj17_t = np.array([-5.944014586911229969e+01, -2.742064360772629925e+02, 6.715434337198563242e+01])
wobj17 = SE3.Rt(wobj17_R, wobj17_t)

